[gd_scene load_steps=8 format=2]

[ext_resource path="res://Player/Player.tscn" type="PackedScene" id=1]
[ext_resource path="res://Scenes/objects/crate.tscn" type="PackedScene" id=2]
[ext_resource path="res://Scenes/enemies/shadowling.tscn" type="PackedScene" id=3]

[sub_resource type="CubeMesh" id=8]

[sub_resource type="SpatialMaterial" id=4]
albedo_color = Color( 0.192157, 0.180392, 0.113725, 1 )

[sub_resource type="BoxShape" id=7]

[sub_resource type="NavigationMesh" id=6]

[node name="Spatial" type="Spatial"]

[node name="MeshInstance" type="MeshInstance" parent="."]
transform = Transform( 20, 0, 0, 0, 1, 0, 0, 0, 20, 0, 0, 0 )
mesh = SubResource( 8 )
material/0 = SubResource( 4 )

[node name="StaticBody" type="StaticBody" parent="MeshInstance"]

[node name="CollisionShape" type="CollisionShape" parent="MeshInstance/StaticBody"]
shape = SubResource( 7 )

[node name="NavigationMeshInstance" type="NavigationMeshInstance" parent="MeshInstance/StaticBody"]
navmesh = SubResource( 6 )

[node name="OmniLight" type="OmniLight" parent="."]
transform = Transform( 1, 0, 0, 0, 1, 0, 0, 0, 1, 24.6981, 8.50761, 0 )
light_energy = 7.899
shadow_enabled = true

[node name="DirectionalLight" type="DirectionalLight" parent="."]
transform = Transform( 0.146447, -0.853553, 0.5, 0.5, 0.5, 0.707107, -0.853553, 0.146447, 0.5, 6.6587, 17.3905, 32.9673 )
light_color = Color( 1, 0.996078, 0.847059, 1 )
light_energy = 1.881
shadow_enabled = true

[node name="PlayerScene" parent="." instance=ExtResource( 1 )]
transform = Transform( -0.878267, 0, 0.478171, 0, 1, 0, -0.478171, 0, -0.878267, -4.28908, 1.89782, 9.49049 )

[node name="objects" type="Spatial" parent="."]

[node name="Crate4" parent="objects" instance=ExtResource( 2 )]
transform = Transform( 1, 0, 0, 0, 1, 0, 0, 0, 1, 4.10555, 15.6882, -8.75501 )

[node name="Crate3" parent="objects" instance=ExtResource( 2 )]
transform = Transform( 1, 0, 0, 0, 1, 0, 0, 0, 1, 3.62943, 11.6844, -3.61511 )

[node name="Crate2" parent="objects" instance=ExtResource( 2 )]
transform = Transform( 1, 0, 0, 0, 1, 0, 0, 0, 1, 0.952256, 7.7896, -2.41007 )

[node name="Crate" parent="objects" instance=ExtResource( 2 )]
transform = Transform( 1, 0, 0, 0, 1, 0, 0, 0, 1, 0.476128, 3.8948, -1.20504 )

[node name="Crate5" parent="objects" instance=ExtResource( 2 )]
transform = Transform( -0.740101, 0, -0.672496, 0, 1, 0, 0.672496, 0, -0.740101, 3.48644, 15.6882, -0.965765 )

[node name="Crate6" parent="objects" instance=ExtResource( 2 )]
transform = Transform( -0.740101, 0, -0.672496, 0, 1, 0, 0.672496, 0, -0.740101, 0.382253, 11.6844, -5.09001 )

[node name="Crate7" parent="objects" instance=ExtResource( 2 )]
transform = Transform( -0.740101, 0, -0.672496, 0, 1, 0, 0.672496, 0, -0.740101, 1.55325, 7.7896, -7.78224 )

[node name="Crate8" parent="objects" instance=ExtResource( 2 )]
transform = Transform( -0.740101, 0, -0.672496, 0, 1, 0, 0.672496, 0, -0.740101, 1.09525, 3.8948, -8.99428 )

[node name="Crate10" parent="objects" instance=ExtResource( 2 )]
transform = Transform( 1, 0, 0, 0, 1, 0, 0, 0, 1, 9.58307, 2.09351, 4.67254 )

[node name="Crate9" parent="objects/Crate10" instance=ExtResource( 2 )]
transform = Transform( 1, 0, 0, 0, 1, 0, 0, 0, 1, 2.09285, 0.0608566, 0.0608897 )

[node name="Crate" parent="objects/Crate10/Crate9" instance=ExtResource( 2 )]
transform = Transform( 1, 0, 0, 0, 1, 0, 0, 0, 1, 0.0323315, 2.11875, -0.0848117 )

[node name="Crate10" parent="objects/Crate10" instance=ExtResource( 2 )]
transform = Transform( 1, 0, 0, 0, 1, 0, 0, 0, 1, 4.00096, 0.0453053, -0.184896 )

[node name="Crate9" parent="objects/Crate10/Crate10" instance=ExtResource( 2 )]
transform = Transform( 1, 0, 0, 0, 1, 0, 0, 0, 1, 2.15956, 0.0608566, 0.0608897 )

[node name="Crate" parent="objects/Crate10/Crate10/Crate9" instance=ExtResource( 2 )]
transform = Transform( 1, 0, 0, 0, 1, 0, 0, 0, 1, 0.0323315, 2.11875, -0.0848117 )

[node name="Crate10" parent="objects/Crate10/Crate10" instance=ExtResource( 2 )]
transform = Transform( -0.999968, 0.00797608, 0, -0.00797608, -0.999968, 0, 0, 0, 1, 2.20623, 4.14645, 0.0274339 )

[node name="Crate9" parent="objects/Crate10/Crate10/Crate10" instance=ExtResource( 2 )]
transform = Transform( 1, 0, 0, 0, 1, 0, 0, 0, 1, 2.09285, 0.0608566, 0.0608897 )

[node name="Crate" parent="objects/Crate10/Crate10/Crate10/Crate9" instance=ExtResource( 2 )]
transform = Transform( 1, 9.31323e-10, 0, -9.31323e-10, 1, 0, 0, 0, 1, 0.0311089, 1.96612, -0.0848117 )

[node name="shadowling" parent="." instance=ExtResource( 3 )]
transform = Transform( 0.5, 0, 0, 0, 0.5, 0, 0, 0, 0.5, -2.1017, 1.91711, 3.02287 )

[node name="shadowling2" parent="." instance=ExtResource( 3 )]
transform = Transform( 0.5, 0, 0, 0, 0.5, 0, 0, 0, 0.5, -2.1017, 1.91711, 5.18819 )

[node name="shadowling3" parent="." instance=ExtResource( 3 )]
transform = Transform( 0.5, 0, 0, 0, 0.5, 0, 0, 0, 0.5, -2.1017, 3.09335, 5.18819 )
